{"body001.armature": {"ArmL": {"basis": [[-1.1920928955078125e-07, 1.0, -4.235164736271502e-22], [-1.0, -4.371139183945161e-08, 9.064744688203064e-08], [9.064744688203064e-08, 3.962326530114945e-15, 1.0]], "head": [0.0, 0.0, 0.0], "tail": [0.20000000298023224, -8.742278900797373e-09, 7.924653377867246e-16]}, "Bip01": {"basis": [[-1.0, -2.4379142260499975e-08, 1.6959997850563013e-08], [2.4379142260499975e-08, -1.0, 5.2154245366864416e-08], [1.6959997850563013e-08, 5.2154245366864416e-08, 1.0]], "head": [6.702811083947324e-10, 0.019334204494953156, 0.8810071349143982], "tail": [-4.205547465829795e-09, -0.1806657910346985, 0.8810071349143982]}, "Bip01 Footsteps": {"basis": [[-2.4379142260499975e-08, 1.0, 1.6959996074206174e-08], [-1.0, -2.4379142260499975e-08, 8.442857080126487e-09], [8.442857080126487e-09, -1.6959997850563013e-08, 1.0]], "head": [-2.881158138734463e-07, 0.01933419331908226, 0.2072942703962326], "tail": [0.09999971836805344, 0.01933418959379196, 0.2072942703962326]}, "Bip01 Pelvis": {"basis": [[-2.793599605865893e-06, -1.1899190894837375e-06, 0.9999999403953552], [0.9910328984260559, -0.13361753523349762, 2.6075701953232056e-06], [0.1336175501346588, 0.9910328984260559, 1.5736933391963248e-06]], "head": [-2.76689632983107e-07, 0.019334204494953156, 0.8810071349143982], "tail": [-4.281773726688698e-07, 0.002323454711586237, 1.0071748495101929]}, "_IK_anal": {"basis": [[2.6167829219048144e-06, 0.9999999403953552, -1.355959852844535e-06], [-0.9997696280479431, 2.586194568721112e-06, -0.021459683775901794], [-0.02145969867706299, 1.3818416846334003e-06, 0.9997696280479431]], "head": [-3.385371201147791e-07, 0.05404660105705261, 0.8607150316238403], "tail": [0.06365428864955902, 0.05404676869511604, 0.8607150912284851]}, "_IK_hipL": {"basis": [[2.8283611754886806e-06, 0.9999998807907104, -1.5171999621088617e-06], [-0.9997696876525879, 2.7931657768931473e-06, -0.021459683775901794], [-0.02145969867706299, 1.5987164942998788e-06, 0.9997696876525879]], "head": [0.059999704360961914, 0.12999998033046722, 0.9000000357627869], "tail": [0.12365434318780899, 0.13000015914440155, 0.9000000953674316]}, "_IK_hipR": {"basis": [[2.6633053948899033e-06, 0.9999996423721313, -1.2420092616594047e-06], [-0.9997696280479431, 2.6325926683057332e-06, -0.02145964652299881], [-0.0214596688747406, 1.3880970755053568e-06, 0.9997695684432983]], "head": [-0.06000028923153877, 0.12999998033046722, 0.9000000357627869], "tail": [0.00365431304089725, 0.13000014424324036, 0.9000000953674316]}, "_IK_hutanari": {"basis": [[-0.9999999403953552, 2.639358399392222e-06, 1.1069261745433323e-05], [-2.6964462449541315e-06, -1.0, -1.4897869959895615e-07], [1.1047553016396705e-05, -1.4901156930591242e-07, 0.9999999403953552]], "head": [-2.7413372549744963e-07, -0.027192700654268265, 0.8534761667251587], "tail": [-1.0612628642547861e-07, -0.09084734320640564, 0.8534761667251587]}, "_IK_vagina": {"basis": [[2.6422708288009744e-06, 0.9999999403953552, -1.496165282333095e-06], [-0.9997696280479431, 2.6075701953232056e-06, -0.02145964652299881], [-0.021459661424160004, 1.5736933391963248e-06, 0.9997696280479431]], "head": [-2.9235201282062917e-07, 0.01699998416006565, 0.8449999690055847], "tail": [0.0636543333530426, 0.017000149935483932, 0.8450000882148743]}, "Bip01 L Thigh": {"basis": [[-0.05816620588302612, -0.0340893417596817, -0.9977246522903442], [0.9982609748840332, 0.0076010823249816895, -0.05845707654953003], [0.009576573967933655, -0.9993899464607239, 0.033588066697120667]], "head": [0.08503250777721405, 0.01933429203927517, 0.8810070157051086], "tail": [0.07154081016778946, 0.022342607378959656, 0.4854739308357239]}, "_IK_thighL": {"basis": [[-0.05816584825515747, -0.03408932685852051, -0.9977246522903442], [0.9982609748840332, 0.007600685115903616, -0.05845670402050018], [0.009576165117323399, -0.9993899464607239, 0.03358807787299156]], "head": [0.07968931645154953, 0.018891630694270134, 0.6958050727844238], "tail": [0.07294347137212753, 0.020395709201693535, 0.49803853034973145]}, "Bip01 L Calf": {"basis": [[-0.04924386367201805, -0.0049439966678619385, -0.9987744688987732], [0.9983140826225281, -0.03100406751036644, -0.04906758666038513], [-0.03072347305715084, -0.9995071291923523, 0.006462551653385162]], "head": [0.07154080271720886, 0.022342514246702194, 0.48547396063804626], "tail": [0.06954334676265717, 0.009816350415349007, 0.081656314432621]}, "_IK_calfL": {"basis": [[-0.049243465065956116, -0.004943827632814646, -0.9987744688987732], [0.9983140826225281, -0.031004277989268303, -0.049067191779613495], [-0.03072369284927845, -0.9995071291923523, 0.00646238075569272]], "head": [0.07276049256324768, 0.024614667519927025, 0.29507800936698914], "tail": [0.07176180183887482, 0.018351543694734573, 0.0931692123413086]}, "Bip01 L Foot": {"basis": [[-0.1328139752149582, -0.08918574452400208, -0.9871200919151306], [0.9910681247711182, 0.00011347232066327706, -0.1333553045988083], [0.012005433440208435, -0.9960150718688965, 0.08837422728538513]], "head": [0.06954337656497955, 0.00981631875038147, 0.08165635913610458], "tail": [0.057512808591127396, 0.009831625036895275, -0.052699435502290726]}, "_IK_footL": {"basis": [[-0.13281412422657013, -0.089185930788517, -0.9871200323104858], [0.9910681247711182, 0.00011352390720276162, -0.13335546851158142], [0.012005524709820747, -0.9960150122642517, 0.08837441354990005]], "head": [0.06954348832368851, 0.00981625821441412, 0.08165635913610458], "tail": [0.06352819502353668, 0.009823914617300034, 0.014478469267487526]}, "Bip01 L Toe0": {"basis": [[-0.1200343519449234, 0.11732462048530579, -0.9858125448226929], [0.1725405603647232, -0.9754148125648499, -0.13709589838981628], [-0.9776613116264343, -0.18654899299144745, 0.09684018790721893]], "head": [0.10367380827665329, -0.08519425243139267, 0.007780176587402821], "tail": [0.10476719588041306, -0.09428448975086212, 0.006041660439223051]}, "Bip01 L Toe01": {"basis": [[-0.13759629428386688, 0.09612703323364258, -0.9858126044273376], [0.3296456038951874, -0.9340977072715759, -0.13709494471549988], [-0.9340241551399231, -0.3438328206539154, 0.09684067964553833]], "head": [0.10476719588041306, -0.09428448975086212, 0.006041660439223051], "tail": [0.10638280212879181, -0.10998387634754181, 0.0002628587244544178]}, "Bip01 L Toe0Nub": {"basis": [[0.1375960409641266, -0.09612703323364258, -0.9858126640319824], [-0.32964563369750977, 0.9340977072715759, -0.13709485530853271], [0.9340241551399231, 0.3438328206539154, 0.09684044122695923]], "head": [0.10638277977705002, -0.10998387634754181, 0.0002628628280945122], "tail": [0.10557496547698975, -0.10213418304920197, 0.0031522654462605715]}, "Bip01 L Toe1": {"basis": [[-0.17794254422187805, 0.18780283629894257, -0.9659534692764282], [0.22145302593708038, -0.9487966895103455, -0.2252618968486786], [-0.9587987065315247, -0.2539973258972168, 0.12724195420742035]], "head": [0.07523133605718613, -0.10320805758237839, 0.008244139142334461], "tail": [0.07769470661878586, -0.11565325409173965, 0.004912500735372305]}, "Bip01 L Toe11": {"basis": [[-0.17794209718704224, 0.18780338764190674, -0.9659534692764282], [0.22145342826843262, -0.9487965106964111, -0.22526238858699799], [-0.9587987065315247, -0.25399765372276306, 0.12724126875400543]], "head": [0.07769473642110825, -0.11565326899290085, 0.0049125198274850845], "tail": [0.0807192325592041, -0.1309332698583603, 0.000821984198410064]}, "Bip01 L Toe1Nub": {"basis": [[0.17794078588485718, -0.18780338764190674, -0.9659537076950073], [-0.2214537411928177, 0.9487965106964111, -0.2252620905637741], [0.958798885345459, 0.25399765372276306, 0.12723995745182037]], "head": [0.0807192325592041, -0.1309332698583603, 0.000821984198410064], "tail": [0.07920698076486588, -0.12329325824975967, 0.0028672548942267895]}, "Bip01 L Toe2": {"basis": [[-0.08743494004011154, 0.047491852194070816, -0.995037317276001], [0.29178228974342346, -0.9538335204124451, -0.0711643248796463], [-0.9524800181388855, -0.29655659198760986, 0.06954124569892883]], "head": [0.04694432020187378, -0.09771810472011566, 0.013134253211319447], "tail": [0.04752204194664955, -0.10932113230228424, 0.009526751935482025]}, "Bip01 L Toe21": {"basis": [[-0.09046044200658798, 0.04145537689328194, -0.9950366616249084], [0.3557557761669159, -0.9318652749061584, -0.07116574794054031], [-0.9301906228065491, -0.3604278266429901, 0.06954910606145859]], "head": [0.04752204194664955, -0.10932113230228424, 0.009526751935482025], "tail": [0.048710595816373825, -0.13603833317756653, -0.0008069537580013275]}, "Bip01 L Toe2Nub": {"basis": [[0.09045945852994919, -0.04145537689328194, -0.995036780834198], [-0.35575583577156067, 0.9318652749061584, -0.07116539776325226], [0.9301906824111938, 0.3604278266429901, 0.06954818218946457]], "head": [0.048710599541664124, -0.13603833317756653, -0.0008069306495599449], "tail": [0.04811632260680199, -0.12267972528934479, 0.004359923303127289]}, "momotwist_L": {"basis": [[-0.052984364330768585, -0.025204956531524658, -0.9982771873474121], [0.9977529644966125, -0.04238943010568619, -0.051886171102523804], [-0.041008587926626205, -0.9987832307815552, 0.027394428849220276]], "head": [0.08503232151269913, 0.0193343423306942, 0.8810071349143982], "tail": [0.07754123955965042, 0.0067359209060668945, 0.5841620564460754]}, "momoniku_L": {"basis": [[0.011699674651026726, -0.04654841497540474, -0.9988475441932678], [0.9998094439506531, -0.01506687980145216, 0.012413186021149158], [-0.015627311542630196, -0.9988023638725281, 0.04636340215802193]], "head": [0.08660004287958145, 0.0644422098994255, 0.9015921950340271], "tail": [0.07504678517580032, 0.060702621936798096, 0.6536906361579895]}, "momoniku_L_nub": {"basis": [[0.011700435541570187, -0.04654819890856743, -0.9988475441932678], [0.9998094439506531, -0.015066844411194324, 0.012413942255079746], [-0.015627309679985046, -0.9988023638725281, 0.04636317491531372]], "head": [0.07504682242870331, 0.060702573508024216, 0.6536906361579895], "tail": [0.06927021592855453, 0.058832790702581406, 0.5297398567199707]}, "momotwist2_L": {"basis": [[-0.015417616814374924, -0.052523817867040634, -0.998500645160675], [0.9976902008056641, -0.06688016653060913, -0.011886932887136936], [-0.06615552306175232, -0.9963775873184204, 0.053433772176504135]], "head": [0.08224692940711975, 0.012217636220157146, 0.746886134147644], "tail": [0.07444171607494354, 0.002279021544381976, 0.5988211035728455]}, "momotwist_L_nub": {"basis": [[-0.05298484116792679, -0.02520495466887951, -0.9982771873474121], [0.9977529644966125, -0.04238947480916977, -0.05188664793968201], [-0.04100862145423889, -0.9987831711769104, 0.027394449338316917]], "head": [0.07754126936197281, 0.006735655944794416, 0.5841620564460754], "tail": [0.07379572838544846, 0.0004364386259112507, 0.43573957681655884]}, "Bip01 R Thigh": {"basis": [[0.06020304560661316, 0.030128464102745056, -0.9977313280105591], [0.9981212615966797, 0.009576328098773956, 0.06051570177078247], [0.01137794554233551, -0.9995002150535583, -0.0294954776763916]], "head": [-0.08503305166959763, 0.019334034994244576, 0.8810071349143982], "tail": [-0.0731089785695076, 0.023124100640416145, 0.48543044924736023]}, "_IK_thighR": {"basis": [[0.06020301580429077, 0.030128706246614456, -0.9977313280105591], [0.9981212615966797, 0.00957634299993515, 0.06051567569375038], [0.011377974413335323, -0.9995002150535583, -0.029495717957615852]], "head": [-0.08042698353528976, 0.019259406253695488, 0.6957849860191345], "tail": [-0.07446489483118057, 0.021154440939426422, 0.49799665808677673]}, "Bip01 R Calf": {"basis": [[0.05111995339393616, 0.0009032879024744034, -0.9986920952796936], [0.9982746243476868, -0.028970086947083473, 0.05107233673334122], [-0.028885869309306145, -0.9995798468589783, -0.0023828204721212387]], "head": [-0.07310903072357178, 0.023124007508158684, 0.48543044924736023], "tail": [-0.07274409383535385, 0.011419604532420635, 0.08158331364393234]}, "_IK_calfR": {"basis": [[0.05112066864967346, 0.0009033625246956944, -0.9986920356750488], [0.998274564743042, -0.028970196843147278, 0.05107304826378822], [-0.0288859736174345, -0.9995798468589783, -0.002382921287789941]], "head": [-0.07508180290460587, 0.0257878340780735, 0.29504579305648804], "tail": [-0.07489931583404541, 0.01993560791015625, 0.093122199177742]}, "Bip01 R Foot": {"basis": [[0.13484463095664978, 0.08522014319896698, -0.9871951937675476], [0.9907746911048889, 0.0019721610005944967, 0.13550378382205963], [0.013494760729372501, -0.9963600635528564, -0.08416815847158432]], "head": [-0.07274412363767624, 0.011419542133808136, 0.08158335834741592], "tail": [-0.06124849244952202, 0.011685573495924473, -0.052818991243839264]}, "_IK_footR": {"basis": [[0.13484427332878113, 0.08522018045186996, -0.9871952533721924], [0.9907747507095337, 0.001971994061022997, 0.13550341129302979], [0.01349457073956728, -0.9963600635528564, -0.08416822552680969]], "head": [-0.07274416834115982, 0.011419580318033695, 0.08158338814973831], "tail": [-0.06699635088443756, 0.011552585288882256, 0.014382201246917248]}, "Bip01 R Toe0": {"basis": [[0.11648246645927429, -0.12001748383045197, -0.9859145283699036], [0.17429935932159424, -0.9747957587242126, 0.13925683498382568], [-0.9777786135673523, -0.18806549906730652, -0.09262779355049133]], "head": [-0.10735850781202316, -0.08337153494358063, 0.007650417275726795], "tail": [-0.10847699642181396, -0.09245602041482925, 0.00589776411652565]}, "Bip01 R Toe01": {"basis": [[0.13453570008277893, -0.09936490654945374, -0.9859140515327454], [0.33127909898757935, -0.9331992268562317, 0.13925768435001373], [-0.9338916540145874, -0.3453481197357178, -0.0926312580704689]], "head": [-0.10847699642181396, -0.09245602041482925, 0.00589776411652565], "tail": [-0.11014702171087265, -0.10814034193754196, 9.348318417323753e-05]}, "Bip01 R Toe0Nub": {"basis": [[0.134536013007164, -0.0993654876947403, -0.9859139323234558], [0.331279456615448, -0.9331990480422974, 0.13925836980342865], [-0.9338915348052979, -0.3453485667705536, -0.09263129532337189]], "head": [-0.11014699935913086, -0.10814032703638077, 9.348728053737432e-05], "tail": [-0.1109820157289505, -0.11598247289657593, -0.0028086542151868343]}, "Bip01 R Toe1": {"basis": [[0.17457087337970734, -0.1907111406326294, -0.9659991264343262], [0.2230575680732727, -0.9478989839553833, 0.22744767367839813], [-0.9590463638305664, -0.25517937541007996, -0.12293609976768494]], "head": [-0.07895053923130035, -0.10144291073083878, 0.007964354939758778], "tail": [-0.08145206421613693, -0.11387632042169571, 0.004617214668542147]}, "Bip01 R Toe11": {"basis": [[0.1745622307062149, -0.19071246683597565, -0.9660004377365112], [0.22305825352668762, -0.9478990435600281, 0.2274467945098877], [-0.9590477347373962, -0.2551782429218292, -0.12292748689651489]], "head": [-0.08145206421613693, -0.11387632042169571, 0.004617237951606512], "tail": [-0.08452340215444565, -0.12914185225963593, 0.0005076963570900261]}, "Bip01 R Toe1Nub": {"basis": [[0.1745637059211731, -0.19070984423160553, -0.9660006761550903], [0.22305752336978912, -0.9478997588157654, 0.22744452953338623], [-0.9590476751327515, -0.2551775574684143, -0.12292973697185516]], "head": [-0.08452338725328445, -0.12914183735847473, 0.0005077004316262901], "tail": [-0.08605904132127762, -0.13677461445331573, -0.0015470680082216859]}, "Bip01 R Toe2": {"basis": [[0.08423137664794922, -0.0505814403295517, -0.9951614737510681], [0.2935534119606018, -0.9531288146972656, 0.0732915997505188], [-0.9522242546081543, -0.2983066439628601, -0.06543513387441635]], "head": [-0.05063335970044136, -0.09601936489343643, 0.01275287289172411], "tail": [-0.051248665899038315, -0.10761382430791855, 0.009124080650508404]}, "Bip01 R Toe21": {"basis": [[0.08746577799320221, -0.04475589841604233, -0.9951615333557129], [0.35747605562210083, -0.931041955947876, 0.07329109311103821], [-0.929817259311676, -0.36215701699256897, -0.0654352679848671]], "head": [-0.051248639822006226, -0.10761382430791855, 0.009124061092734337], "tail": [-0.05253181979060173, -0.13430744409561157, -0.001259230892173946]}, "Bip01 R Toe2Nub": {"basis": [[0.08746813982725143, -0.04475517198443413, -0.9951613545417786], [0.357476145029068, -0.9310418963432312, 0.07329127937555313], [-0.9298169612884521, -0.3621572256088257, -0.06543771922588348]], "head": [-0.05253184586763382, -0.13430745899677277, -0.0012592346174642444], "tail": [-0.053173430263996124, -0.14765428006649017, -0.0064508914947509766]}, "momotwist_R": {"basis": [[-0.054821182042360306, 0.021143946796655655, 0.9982722401618958], [-0.9977269768714905, -0.040396515280008316, -0.05393556132912636], [0.039186231791973114, -0.9989596605300903, 0.023310622200369835]], "head": [-0.08522190898656845, 0.018411792814731598, 0.8812152147293091], "tail": [-0.07893778383731842, 0.006405681371688843, 0.5843178033828735]}, "momoniku_R": {"basis": [[0.009679840877652168, 0.04256036877632141, 0.9990469813346863], [-0.9998341798782349, -0.015001299791038036, 0.010326601564884186], [0.015426444821059704, -0.9989809989929199, 0.04240825027227402]], "head": [-0.08642887324094772, 0.06440162658691406, 0.9017075896263123], "tail": [-0.07586544007062912, 0.06067832186818123, 0.6537615060806274]}, "momoniku_R_nub": {"basis": [[0.009679020382463932, 0.042560480535030365, 0.9990469813346863], [-0.9998341798782349, -0.015001350082457066, 0.010325783863663673], [0.015426461584866047, -0.9989809989929199, 0.042408376932144165]], "head": [-0.07586545497179031, 0.0606783889234066, 0.6537615060806274], "tail": [-0.07058372348546982, 0.05881672725081444, 0.5297884345054626]}, "momotwist2_R": {"basis": [[-0.01715412363409996, 0.04842334985733032, 0.9986794590950012], [-0.9977906346321106, -0.06494701653718948, -0.01398969441652298], [0.06418373435735703, -0.9967128038406372, 0.04943062365055084]], "head": [-0.0827956423163414, 0.012486147694289684, 0.7468623518943787], "tail": [-0.07559976726770401, 0.0028348013292998075, 0.5987474322319031]}, "momotwist_R_nub": {"basis": [[-0.05482075363397598, 0.02114393562078476, 0.9982722401618958], [-0.9977269768714905, -0.04039664566516876, -0.053935129195451736], [0.039186373353004456, -0.9989596605300903, 0.023310601711273193]], "head": [-0.07893779128789902, 0.0064055221155285835, 0.5843178033828735], "tail": [-0.0757957324385643, 0.00040244386764243245, 0.435869038105011]}, "Cli": {"basis": [[1.707093133518356e-07, -7.335847840295173e-08, -0.9999999403953552], [2.979871993602501e-08, -1.0000001192092896, 7.53432232158957e-08], [-0.9999999403953552, -1.1921351017463166e-07, -1.9188030364603037e-07]], "head": [-5.3817281298051967e-08, -0.017085038125514984, 0.8478185534477234], "tail": [-5.79928851607292e-08, -0.07400558888912201, 0.8478185534477234]}, "_IK_cli": {"basis": [[-0.9999999403953552, 2.605821691759047e-06, 1.0721046237449627e-05], [-2.6038376290671295e-06, -1.0, -2.9766571429945543e-08], [1.0699875019781757e-05, -1.192093463942001e-07, 0.9999999403953552]], "head": [-5.381727419262461e-08, -0.01708505116403103, 0.8478185534477234], "tail": [2.0345101603425064e-08, -0.045545317232608795, 0.8478185534477234]}, "Cli_nub": {"basis": [[1.2101831714517175e-07, -7.335852814094324e-08, -0.9999999403953552], [2.9794446021469412e-08, -1.0000001192092896, 7.534327295388721e-08], [-0.9999999403953552, -1.1920923270736239e-07, -1.4218930743936653e-07]], "head": [-5.12073938807589e-08, -0.07400558888912201, 0.8478185534477234], "tail": [-5.329519581209752e-08, -0.10246586054563522, 0.8478185534477234]}, "Hip_L": {"basis": [[-0.05680066719651222, 0.3893713653087616, -0.9193277359008789], [0.5276697874069214, -0.7699887752532959, -0.3587225675582886], [-0.8475484251976013, -0.505477249622345, -0.1617235243320465]], "head": [0.08002322912216187, 0.03717417269945145, 0.9028615355491638], "tail": [0.12167736142873764, -0.04519762471318245, 0.8487866520881653]}, "Hip_L_nub": {"basis": [[-0.05680033564567566, 0.3893713653087616, -0.9193277359008789], [0.5276699066162109, -0.7699887752532959, -0.35872238874435425], [-0.8475483655929565, -0.505477249622345, -0.16172383725643158]], "head": [0.12167736142873764, -0.04519759863615036, 0.8487866520881653], "tail": [0.14250443875789642, -0.08638349920511246, 0.821749210357666]}, "Hip_R": {"basis": [[0.056799378246068954, -0.38937103748321533, -0.9193278551101685], [0.5276690721511841, -0.7699892520904541, 0.3587217628955841], [-0.8475486636161804, -0.5054760575294495, 0.1617242991924286]], "head": [-0.08002027124166489, 0.03717007860541344, 0.9028591513633728], "tail": [-0.12167437374591827, -0.04520174488425255, 0.8487843871116638]}, "Hip_R_nub": {"basis": [[0.0568019300699234, -0.38937097787857056, -0.9193277359008789], [0.5276689529418945, -0.7699887752532959, 0.3587230145931244], [-0.8475485444068909, -0.5054768323898315, 0.16172227263450623]], "head": [-0.12167435884475708, -0.045201655477285385, 0.8487841486930847], "tail": [-0.14250141382217407, -0.08638756722211838, 0.8217467665672302]}, "Bip01 Spine": {"basis": [[1.552312824060209e-06, 1.8570847259979928e-07, 1.0000001192092896], [0.9957953095436096, -0.09160652756690979, -1.5204998362605693e-06], [0.09160653501749039, 0.9957953691482544, -4.119242760225461e-07]], "head": [-2.7693019433172594e-07, -0.013029753230512142, 1.0021783113479614], "tail": [-2.624794319672219e-07, -0.020158041268587112, 1.0796653032302856]}, "_IK_hara": {"basis": [[-1.5708752698628814e-06, 1.0, -1.1328583582326246e-07], [-1.0, -1.5626013691871776e-06, -3.278248641436221e-07], [-3.3527609843986284e-07, 4.573556111608923e-08, 1.0000001192092896]], "head": [-4.547981120595068e-07, -0.08492360264062881, 1.0123244524002075], "tail": [0.038906630128622055, -0.08492366224527359, 1.0123244524002075]}, "_IK_Spine_1": {"basis": [[2.060146243820782e-06, 1.8570874260603887e-07, 1.0000001192092896], [0.9957953095436096, -0.09160634130239487, -2.026197762461379e-06], [0.09160635620355606, 0.9957953095436096, -4.584450437050691e-07]], "head": [0.04999971762299538, -0.013029753230512142, 1.0021783113479614], "tail": [0.049999725073575974, -0.01659388840198517, 1.0409218072891235]}, "_IK_Spine_2": {"basis": [[2.060146243820782e-06, 3.2511323411199555e-08, 1.0000001192092896], [0.9957953095436096, -0.09160634130239487, -2.0402317204570863e-06], [0.09160635620355606, 0.9957953095436096, -3.058917741327605e-07]], "head": [-0.05000042915344238, -0.013029753230512142, 1.0021783113479614], "tail": [-0.05000042915344238, -0.01659388840198517, 1.0409218072891235]}, "Bip01 Spine0a": {"basis": [[1.680989385022258e-06, -5.7270636233397454e-08, 1.0000001192092896], [0.9973262548446655, 0.07307828217744827, -1.6640357216601842e-06], [-0.07307828217744827, 0.9973262548446655, 9.51666123683026e-08]], "head": [-2.625568242820009e-07, -0.02009042166173458, 1.0796715021133423], "tail": [-2.675083123904187e-07, -0.013772225938737392, 1.1658982038497925]}, "_IK_Spine0a_1": {"basis": [[1.700992697806214e-07, -5.726963792085371e-08, 1.0000001192092896], [0.9973261952400208, 0.07307887822389603, -1.5718569557066076e-07], [-0.07307887822389603, 0.9973261952400208, -1.5247522355821275e-08]], "head": [0.05000019073486328, -0.02009044960141182, 1.0796715021133423], "tail": [0.05000019073486328, -0.016931328922510147, 1.1227848529815674]}, "_IK_Spine0a_2": {"basis": [[1.0572148312348872e-07, 1.1671119182210532e-08, 1.0000001192092896], [0.9973261952400208, 0.07307888567447662, -9.801806299947202e-08], [-0.07307889312505722, 0.997326135635376, -8.870860312981677e-08]], "head": [-0.04999979957938194, -0.020090434700250626, 1.0796715021133423], "tail": [-0.04999979957938194, -0.016931314021348953, 1.1227848529815674]}, "Bip01 Spine1": {"basis": [[1.8141897726309253e-06, -3.802195465141267e-07, 1.0000001192092896], [0.9815734624862671, 0.19108548760414124, -1.6998321825667517e-06], [-0.19108548760414124, 0.9815734028816223, 6.350839498736605e-07]], "head": [-2.6757089699458447e-07, -0.013715609908103943, 1.1658940315246582], "tail": [-2.9487699748642626e-07, 7.511675448768074e-06, 1.2363873720169067]}, "_IK_Spine1_1": {"basis": [[1.0567241588432807e-06, 1.1775424013649172e-07, 1.0000001192092896], [0.9815734624862671, 0.19108563661575317, -1.0514797850191826e-06], [-0.19108563661575317, 0.9815734028816223, 1.5456862456630915e-09]], "head": [0.049999721348285675, -0.013715595006942749, 1.1658940315246582], "tail": [0.049999725073575974, -0.006854030769318342, 1.2011407613754272]}, "_IK_Spine1_2": {"basis": [[9.91324213828193e-07, 1.1775418329307286e-07, 1.0000001192092896], [0.9815734624862671, 0.1910855919122696, -9.872848067971063e-07], [-0.1910855919122696, 0.9815734028816223, -1.095133939088555e-08]], "head": [-0.05000019073486328, -0.013715567998588085, 1.1658940315246582], "tail": [-0.05000018700957298, -0.006854004692286253, 1.2011407613754272]}, "Bip01 Spine1a": {"basis": [[1.7014014019878232e-06, -4.481458404370642e-07, 1.0000001192092896], [0.9902362823486328, 0.13939990103244781, -1.6140439811351825e-06], [-0.13939988613128662, 0.9902362823486328, 5.961505848972593e-07]], "head": [-2.9503684118026285e-07, 0.00014817864575888962, 1.2363598346710205], "tail": [-3.7044679856990115e-07, 0.023605145514011383, 1.4029878377914429]}, "_IK_Spine1a_1": {"basis": [[1.4800484677834902e-06, -4.12724347143012e-07, 1.0000001192092896], [0.9902362823486328, 0.1393997222185135, -1.3997902215123759e-06], [-0.1393997073173523, 0.9902362823486328, 5.302181307342835e-07]], "head": [0.04999940097332001, 0.00014819830539636314, 1.23635995388031], "tail": [0.04999936744570732, 0.011876664124429226, 1.319674015045166]}, "_IK_Spine1a_2": {"basis": [[1.4800484677834902e-06, -4.127242902995931e-07, 1.0000001192092896], [0.9902362823486328, 0.13939975202083588, -1.3997902215123759e-06], [-0.13939973711967468, 0.9902362823486328, 5.302180738908646e-07]], "head": [-0.05000029131770134, 0.00014819054922554642, 1.2363598346710205], "tail": [-0.050000328570604324, 0.011876660399138927, 1.3196738958358765]}, "Bip01 L Clavicle": {"basis": [[-0.05518203228712082, 0.9863882064819336, -0.15490008890628815], [-0.9895632266998291, -0.03334474191069603, 0.14018890261650085], [0.1331155002117157, 0.16101910173892975, 0.9779332876205444]], "head": [0.0178973488509655, 0.026851026341319084, 1.3450087308883667], "tail": [0.10887732356786728, 0.023775456473231316, 1.3598603010177612]}, "_IK_ClavicleL": {"basis": [[-0.055182043462991714, 0.9863881468772888, -0.15490007400512695], [-0.9895632266998291, -0.033344753086566925, 0.14018890261650085], [0.1331155002117157, 0.16101907193660736, 0.9779332876205444]], "head": [0.05735516548156738, 0.02551720105111599, 1.3514502048492432], "tail": [0.10284514725208282, 0.023979417979717255, 1.35887610912323]}, "Bip01 L UpperArm": {"basis": [[-0.015537276864051819, 0.9995338916778564, -0.026293694972991943], [-0.7484641671180725, -0.029063209891319275, -0.6625384092330933], [-0.6629934906959534, 0.009385675191879272, 0.7485665082931519]], "head": [0.10887732356786728, 0.023775463923811913, 1.3598603010177612], "tail": [0.3348211944103241, 0.017205748707056046, 1.361981987953186]}, "_IK_UpperArmL": {"basis": [[-0.015537058003246784, 0.9995338916778564, -0.026293793693184853], [-0.7484639286994934, -0.029063114896416664, -0.6625386476516724], [-0.6629937291145325, 0.009385882876813412, 0.7485662698745728]], "head": [0.20651543140411377, 0.02166879177093506, 1.3618651628494263], "tail": [0.3194873631000519, 0.018383944407105446, 1.3629260063171387]}, "Bip01 L Forearm": {"basis": [[0.017535768449306488, 0.9995114207267761, 0.02588830702006817], [-0.7702024579048157, 0.030014067888259888, -0.6370931267738342], [-0.63755863904953, -0.008767478168010712, 0.7703521251678467]], "head": [0.3348211944103241, 0.01720583438873291, 1.3619818687438965], "tail": [0.5417959094047546, 0.023421024903655052, 1.3601664304733276]}, "_IK_ForeArmL": {"basis": [[0.017535898834466934, 0.9995114207267761, 0.025888754054903984], [-0.7702008485794067, 0.03001447580754757, -0.637095034122467], [-0.6375605463981628, -0.00876766350120306, 0.7703505158424377]], "head": [0.42899543046951294, 0.01973707787692547, 1.3619818687438965], "tail": [0.5324828028678894, 0.022844715043902397, 1.3610740900039673]}, "Bip01 L Hand": {"basis": [[0.06442040950059891, 0.9979064464569092, -0.00585983507335186], [0.32513970136642456, -0.015437199734151363, 0.9455401301383972], [0.9434694051742554, -0.06281749904155731, -0.3254532516002655]], "head": [0.5417959094047546, 0.0234210342168808, 1.3601664304733276], "tail": [0.6140953302383423, 0.022302592173218727, 1.3556151390075684]}, "_IK_handL": {"basis": [[-0.04585134610533714, 0.9983463287353516, 0.034704387187957764], [-0.29952186346054077, 0.01940291002392769, -0.9538923501968384], [-0.9529873132705688, -0.054132141172885895, 0.2981366217136383]], "head": [0.5983385443687439, 0.007609163410961628, 1.3422541618347168], "tail": [0.6345041394233704, 0.0083120446652174, 1.340293288230896]}, "Bip01 L Finger0": {"basis": [[-0.07284735143184662, 0.8186324238777161, 0.569680392742157], [-0.3329004645347595, -0.5583969354629517, 0.759848952293396], [0.9401440024375916, -0.13429388403892517, 0.3132004141807556]], "head": [0.5547648072242737, -0.00030898526892997324, 1.350046157836914], "tail": [0.5826287269592285, -0.019315222278237343, 1.345475196838379]}, "Bip01 L Finger01": {"basis": [[-0.14913854002952576, 0.8082213401794434, 0.5696819424629211], [-0.2791784703731537, -0.5871021747589111, 0.7598491907119751], [0.9485870003700256, -0.04572020843625069, 0.3131971061229706]], "head": [0.5826286673545837, -0.019315315410494804, 1.345475196838379], "tail": [0.6019340753555298, -0.03333897143602371, 1.3443831205368042]}, "Bip01 L Finger02": {"basis": [[-0.14913946390151978, 0.8082212805747986, 0.5696818232536316], [-0.27917709946632385, -0.5871023535728455, 0.7598495483398438], [0.9485872387886047, -0.045718658715486526, 0.3131965398788452]], "head": [0.6019340753555298, -0.03333898261189461, 1.3443831205368042], "tail": [0.6221078634262085, -0.04799346998333931, 1.3432419300079346]}, "Bip01 L Finger0Nub": {"basis": [[-0.14913968741893768, 0.8082212209701538, 0.5696818232536316], [-0.27917805314064026, -0.5871024131774902, 0.7598491311073303], [0.9485869407653809, -0.04571908712387085, 0.31319743394851685]], "head": [0.6221078634262085, -0.04799344763159752, 1.3432420492172241], "tail": [0.6321946978569031, -0.05532069131731987, 1.3426713943481445]}, "Bip01 L Finger1": {"basis": [[0.012385409325361252, 0.9936897158622742, 0.11148512363433838], [0.3320700526237488, -0.10925332456827164, 0.9369062781333923], [0.9431736469268799, 0.025416692718863487, -0.33132752776145935]], "head": [0.6101319789886475, -0.0005015535280108452, 1.3628230094909668], "tail": [0.6379785537719727, -0.0035632066428661346, 1.3635352849960327]}, "Bip01 L Finger11": {"basis": [[0.012383607216179371, 0.9936896562576294, 0.11148560047149658], [0.3320675194263458, -0.10925324261188507, 0.936907172203064], [0.9431745409965515, 0.025418246164917946, -0.33132481575012207]], "head": [0.6379786133766174, -0.0035632967483252287, 1.3635352849960327], "tail": [0.6546787619590759, -0.0053994315676391125, 1.3639625310897827]}, "Bip01 L Finger12": {"basis": [[0.012388158589601517, 0.9936894774436951, 0.11148668080568314], [0.33208057284355164, -0.10925541818141937, 0.9369022846221924], [0.943169891834259, 0.02541586011648178, -0.3313382863998413]], "head": [0.6546787619590759, -0.005399435292929411, 1.3639625310897827], "tail": [0.6736266613006592, -0.007482738699764013, 1.3644471168518066]}, "Bip01 L Finger1Nub": {"basis": [[0.01238320767879486, 0.993690013885498, 0.11148224771022797], [0.3320472240447998, -0.1092505007982254, 0.9369146823883057], [0.9431817531585693, 0.025415152311325073, -0.33130472898483276]], "head": [0.6736266613006592, -0.007482650224119425, 1.3644471168518066], "tail": [0.6831006407737732, -0.008524256758391857, 1.3646894693374634]}, "Bip01 L Finger2": {"basis": [[0.05799565464258194, 0.9983176589012146, 3.62847167707514e-05], [0.3260233998298645, -0.01897411420941353, 0.9451714754104614], [0.9435812830924988, -0.054804153740406036, -0.32657507061958313]], "head": [0.6104788780212402, 0.016728363931179047, 1.3584717512130737], "tail": [0.6405225992202759, 0.016157349571585655, 1.3568223714828491]}, "Bip01 L Finger21": {"basis": [[-0.009715400636196136, 0.9999536275863647, 3.442972956690937e-05], [0.32655075192451477, 0.0031402178574353456, 0.9451746940612793], [0.9451299905776978, 0.009193798527121544, -0.32656586170196533]], "head": [0.6405225992202759, 0.016157355159521103, 1.3568223714828491], "tail": [0.6612540483474731, 0.016222460195422173, 1.3570131063461304]}, "Bip01 L Finger22": {"basis": [[-0.009712695144116879, 0.99995356798172, 3.677019049064256e-05], [0.32656311988830566, 0.003137241816148162, 0.9451704025268555], [0.9451256990432739, 0.009191963821649551, -0.32657819986343384]], "head": [0.6612540483474731, 0.016222363337874413, 1.3570129871368408], "tail": [0.6834508776664734, 0.01629200391471386, 1.3572170734405518]}, "Bip01 L Finger2Nub": {"basis": [[-0.009712661616504192, 0.9999535083770752, 3.190037023159675e-05], [0.3265497386455536, 0.0031417033169418573, 0.9451749920845032], [0.9451303482055664, 0.009190384298563004, -0.32656487822532654]], "head": [0.6834508776664734, 0.01629200391471386, 1.3572170734405518], "tail": [0.6945493221282959, 0.016326872631907463, 1.3573191165924072]}, "Bip01 L Finger3": {"basis": [[0.05657966062426567, 0.9866847395896912, -0.15249165892601013], [0.3243185877799988, 0.12628968060016632, 0.9374799728393555], [0.9442545175552368, -0.10249831527471542, -0.31285449862480164]], "head": [0.6061907410621643, 0.03160301223397255, 1.3539533615112305], "tail": [0.6349340081214905, 0.03528197854757309, 1.350967526435852]}, "Bip01 L Finger31": {"basis": [[0.020067265257239342, 0.9881022572517395, -0.1524895876646042], [0.31943249702453613, 0.13818985223770142, 0.9374789595603943], [0.9473967552185059, -0.06752294301986694, -0.31285861134529114]], "head": [0.6349340081214905, 0.03528197482228279, 1.3509674072265625], "tail": [0.6517117619514465, 0.0376284085214138, 1.3498209714889526]}, "Bip01 L Finger32": {"basis": [[0.0027750064618885517, 0.9883017539978027, -0.15249232947826385], [0.3169618546962738, 0.14376074075698853, 0.9374797940254211], [0.9484344124794006, -0.050935957580804825, -0.31285473704338074]], "head": [0.6517117619514465, 0.037628404796123505, 1.3498209714889526], "tail": [0.6720609068870544, 0.040588442236185074, 1.3487721681594849]}, "Bip01 L Finger3Nub": {"basis": [[0.0027741214726120234, 0.9883023500442505, -0.15248817205429077], [0.31696897745132446, 0.1437566727399826, 0.9374780058860779], [0.9484320282936096, -0.050934888422489166, -0.3128621280193329]], "head": [0.6720609068870544, 0.04058844968676567, 1.3487721681594849], "tail": [0.6822354793548584, 0.04206842556595802, 1.3482478857040405]}, "Bip01 L Finger4": {"basis": [[0.03153816610574722, 0.9554708003997803, -0.29339849948883057], [0.31837090849876404, 0.2686512768268585, 0.9091020822525024], [0.9474416375160217, -0.12208107858896255, -0.2957210838794708]], "head": [0.5996605157852173, 0.044089458882808685, 1.346251368522644], "tail": [0.6244754791259766, 0.05106672644615173, 1.343080759048462]}, "Bip01 L Finger41": {"basis": [[0.031538210809230804, 0.9554712176322937, -0.2933971583843231], [0.3183736503124237, 0.2686496675014496, 0.9091016054153442], [0.9474407434463501, -0.12208148092031479, -0.2957238554954529]], "head": [0.6244754791259766, 0.05106673389673233, 1.343080759048462], "tail": [0.6388113498687744, 0.055097546428442, 1.3412489891052246]}, "Bip01 L Finger42": {"basis": [[-0.03340443596243858, 0.9554084539413452, -0.2933950126171112], [0.29940056800842285, 0.2896430790424347, 0.9091019630432129], [0.9535427689552307, -0.05747475475072861, -0.29572489857673645]], "head": [0.6388113498687744, 0.05509753152728081, 1.3412489891052246], "tail": [0.6560050249099731, 0.060309987515211105, 1.3402146100997925]}, "Bip01 L Finger4Nub": {"basis": [[-0.03340427204966545, 0.9554082155227661, -0.2933958172798157], [0.29939842224121094, 0.28964391350746155, 0.9091023802757263], [0.9535434246063232, -0.05747450143098831, -0.2957227826118469]], "head": [0.6560050249099731, 0.06030998378992081, 1.3402146100997925], "tail": [0.6646018028259277, 0.06291621178388596, 1.3396974802017212]}, "Foretwist1_L": {"basis": [[-0.006930528208613396, 0.9993821978569031, 0.034473903477191925], [-0.8214858770370483, -0.025347549468278885, 0.5696656703948975], [0.5701871514320374, -0.02437189221382141, 0.8211535215377808]], "head": [0.34952375292778015, 0.027975624427199364, 1.366951823234558], "tail": [0.45299774408340454, 0.02535119093954563, 1.3644284009933472]}, "Foretwist_L": {"basis": [[0.08121153712272644, 0.9964473247528076, -0.022333607077598572], [0.3252064883708954, -0.005310051143169403, 0.9456283450126648], [0.9421495795249939, -0.08405911922454834, -0.3244819939136505]], "head": [0.43327847123146057, 0.024734636768698692, 1.3682187795639038], "tail": [0.53644859790802, 0.02418484538793564, 1.3595154285430908]}, "Uppertwist1_L": {"basis": [[-0.011769727803766727, 0.9998757243156433, -0.010523190721869469], [-0.3214195966720581, -0.013748463243246078, -0.946837306022644], [-0.9468638896942139, -0.007761819288134575, 0.321541428565979]], "head": [0.19606082141399384, 0.026818135753273964, 1.3633025884628296], "tail": [0.3090713918209076, 0.02526422217488289, 1.3624252080917358]}, "Uppertwist_L": {"basis": [[-0.016244182363152504, 0.9995338916778564, -0.025863246992230415], [-0.7661470174789429, -0.029063375666737556, -0.6420080661773682], [-0.6424602270126343, 0.009385986253619194, 0.7662616968154907]], "head": [0.10363751649856567, 0.030365396291017532, 1.3631702661514282], "tail": [0.21660947799682617, 0.027080519124865532, 1.3642311096191406]}, "Kata_L": {"basis": [[-0.02786344289779663, 0.9989281892776489, -0.036969929933547974], [-0.9861728549003601, -0.033514127135276794, -0.16229699552059174], [-0.1633620411157608, 0.03193634748458862, 0.9860493540763855]], "head": [0.10912132263183594, 0.03249499946832657, 1.355286955833435], "tail": [0.20065279304981232, 0.029424110427498817, 1.3582133054733276]}, "Kata_L_nub": {"basis": [[-0.027864018455147743, 0.9989280700683594, -0.036970045417547226], [-0.9861727356910706, -0.03351472690701485, -0.16229765117168427], [-0.16336271166801453, 0.031936343759298325, 0.986049234867096]], "head": [0.20065279304981232, 0.029424095526337624, 1.3582133054733276], "tail": [0.24641847610473633, 0.027888625860214233, 1.359676480293274]}, "Bip01 Neck": {"basis": [[1.4747623708899482e-06, -5.759774523994565e-08, 1.0000001192092896], [0.9856903553009033, -0.16856716573238373, -1.4550940932167578e-06], [0.16856716573238373, 0.9856902956962585, -2.766176692148292e-07]], "head": [-3.7143888675927883e-07, 0.02952161431312561, 1.4020472764968872], "tail": [-3.761174696137459e-07, 0.015829162672162056, 1.4821133613586426]}, "Bip01 Head": {"basis": [[1.4161118997435551e-06, -1.747767441884207e-08, 1.0000001192092896], [1.000000238418579, 1.3411048485068022e-06, -1.407838112754689e-06], [-1.3262033462524414e-06, 1.000000238418579, -6.731515611591021e-08]], "head": [-3.761175264571648e-07, 0.015829160809516907, 1.4821133613586426], "tail": [-3.7939815911158803e-07, 0.015829412266612053, 1.6698178052902222]}, "_IK_hohoL": {"basis": [[-1.4161116723698797e-06, 1.0000001192092896, -1.5230725125547906e-07], [-1.000000238418579, -1.4078379990678513e-06, -4.788212777384615e-07], [-4.937229505230789e-07, 5.970301231172925e-08, 1.000000238418579]], "head": [0.054999977350234985, -0.05499999597668648, 1.5], "tail": [0.1488521546125412, -0.055000126361846924, 1.5]}, "_IK_hohoR": {"basis": [[-1.4161118997435551e-06, 1.0000001192092896, -1.748025191261604e-08], [-1.000000238418579, -1.407838112754689e-06, -4.788214482687181e-07], [-4.937229505230789e-07, -6.731515611591021e-08, 1.000000238418579]], "head": [-0.05500000715255737, -0.05500001832842827, 1.5], "tail": [0.03885217383503914, -0.055