{"mbody.armature.001": {"karada": {"basis": [[-1.1920928955078125e-07, 1.0, -4.235164736271502e-22], [-1.0, -4.371139183945161e-08, 9.064744688203064e-08], [9.064744688203064e-08, 3.962326530114945e-15, 1.0]], "head": [0.0, 0.0, 0.0], "tail": [0.20000000298023224, -8.742278900797373e-09, 7.924653377867246e-16]}, "karadaL": {"basis": [[-1.1920928955078125e-07, 1.0, -4.235164736271502e-22], [-1.0, -4.371139183945161e-08, 9.064744688203064e-08], [9.064744688203064e-08, 3.962326530114945e-15, 1.0]], "head": [0.0, 0.0, 0.0], "tail": [0.20000000298023224, -8.742278900797373e-09, 7.924653377867246e-16]}, "ManBip": {"basis": [[-1.0, 0.0, 0.0], [0.0, -1.0, 0.0], [0.0, 0.0, 1.0]], "head": [2.039513447016361e-09, 0.046658582985401154, 0.9821004271507263], "tail": [2.039513447016361e-09, -0.1533414125442505, 0.9821004271507263]}, "ManBip Footsteps": {"basis": [[0.0, 1.0, 0.0], [-1.0, 0.0, -4.371138828673793e-08], [-4.371138828673793e-08, 0.0, 1.0]], "head": [-2.7532038870958786e-07, 0.046658631414175034, 0.004138660617172718], "tail": [0.09999972581863403, 0.046658631414175034, 0.004138660617172718]}, "ManBip Pelvis": {"basis": [[-2.9365205591602717e-06, -2.2365048452533537e-13, 1.0], [1.0, 0.0, 2.9365205591602717e-06], [-6.505213034913027e-19, 1.0, 2.2365048452533537e-13]], "head": [-2.7532038870958786e-07, 0.046658582985401154, 0.9821004271507263], "tail": [-2.753204171312973e-07, 0.046658582985401154, 1.0837651491165161]}, "chinkoCenter": {"basis": [[-1.4464035302808043e-06, -5.960578164376784e-08, -1.0], [-8.890560163066219e-12, -1.0, 5.960578164376784e-08], [-1.0, -1.956380376385651e-20, 1.4464035302808043e-06]], "head": [-2.626457273890992e-07, 0.046318117529153824, 0.9351221919059753], "tail": [-2.6752832127385773e-07, -0.03559659421443939, 0.9351221919059753]}, "chinko1": {"basis": [[-9.725858944875654e-07, -8.975200671557104e-07, -1.0], [0.025955289602279663, -0.999663233757019, 8.719737820683804e-07], [-0.9996631145477295, -0.025955379009246826, 9.95553818938788e-07]], "head": [-2.0196061711885704e-07, -0.027698514983057976, 0.918795108795166], "tail": [-2.8719918532260635e-07, -0.12263774126768112, 0.9163300395011902]}, "chinko2": {"basis": [[-1.0004383739214973e-06, -7.580440524179721e-07, -1.0], [-0.01563791185617447, -0.9998778104782104, 7.735959002275195e-07], [-0.9998776912689209, 0.01563781499862671, 9.884620340017136e-07]], "head": [-2.7844299665957806e-07, -0.12263771146535873, 0.9163303375244141], "tail": [-3.3841095614661754e-07, -0.20173688232898712, 0.9175674319267273]}, "_IK_chinko1": {"basis": [[-7.797571015544236e-07, -7.580441661048098e-07, -1.0], [-0.015639079734683037, -0.9998778104782104, 7.701459026066004e-07], [-0.9998776912689209, 0.015638982877135277, 7.678067959204782e-07]], "head": [-2.021490246306712e-07, -0.12263771146535873, 0.9163303375244141], "tail": [-2.3213299016333622e-07, -0.16218726336956024, 0.9169489145278931]}, "_IK_chinko2": {"basis": [[-6.420858653655159e-07, -7.580446776955796e-07, -1.0], [-0.015638891607522964, -0.9998778104782104, 7.679932423343416e-07], [-0.9998776912689209, 0.015638794749975204, 6.301524990703911e-07]], "head": [-2.021490246306712e-07, -0.12263771146535873, 0.9163303375244141], "tail": [-2.3213301858504565e-07, -0.16218726336956024, 0.9169489145278931]}, "chinko_nub": {"basis": [[-1.000438487608335e-06, -7.580440524179721e-07, -1.0], [-0.015637919306755066, -0.9998778104782104, 7.735959002275195e-07], [-0.9998776912689209, 0.015637822449207306, 9.884621476885513e-07]], "head": [-3.3841098456832697e-07, -0.20173688232898712, 0.9175674319267273], "tail": [-3.683949785227014e-07, -0.2412864714860916, 0.9181860089302063]}, "tamabukuro": {"basis": [[-6.685380782300854e-08, -1.3436331300908932e-06, -1.0], [0.9969319701194763, -0.07827167958021164, 3.851992147474448e-08], [-0.07827180624008179, -0.9969319701194763, 1.3447438504954334e-06]], "head": [-2.888430969960609e-07, -0.02399751916527748, 0.8931016325950623], "tail": [-4.286186765511957e-07, -0.03213997185230255, 0.7893926501274109]}, "tamabukuro_nub": {"basis": [[-6.685377940129911e-08, -1.3436330164040555e-06, -1.0], [0.9969319701194763, -0.07827167212963104, 3.8519935685599194e-08], [-0.07827179878950119, -0.9969319701194763, 1.3447437368085957e-06]], "head": [-4.2764804675243795e-07, -0.03213998302817345, 0.7893926501274109], "tail": [-4.975358365300053e-07, -0.03621120750904083, 0.73753821849823]}, "ManBip L Thigh": {"basis": [[-0.010013730265200138, -0.001810222864151001, -0.9999479651451111], [0.9999324679374695, 0.005873092915862799, -0.010024222545325756], [0.005890935659408569, -0.999981164932251, 0.0017513260245323181]], "head": [0.10166444629430771, 0.04665868729352951, 0.9821001887321472], "tail": [0.10090770572423935, 0.049113862216472626, 0.5640703439712524]}, "_IK_thighL": {"basis": [[-0.010013815015554428, -0.0018101963214576244, -0.9999479651451111], [0.9999324679374695, 0.00587302865460515, -0.010024307295680046], [0.0058908709324896336, -0.999981164932251, 0.0017512997146695852]], "head": [0.09840206056833267, 0.04714435711503029, 0.786418616771698], "tail": [0.09802369773387909, 0.04837192967534065, 0.5774036645889282]}, "ManBip L Calf": {"basis": [[-0.009961155243217945, -0.0020804244559258223, -0.9999479651451111], [0.9994077682495117, 0.032917022705078125, -0.01002427376806736], [0.032936178147792816, -0.9994559288024902, 0.0017513378988951445]], "head": [0.10090769827365875, 0.04911385476589203, 0.5640703439712524], "tail": [0.09998678416013718, 0.06368481367826462, 0.12165408581495285]}, "_IK_calfL": {"basis": [[-0.009961076080799103, -0.002080336445942521, -0.9999479651451111], [0.9994077682495117, 0.03291698545217514, -0.010024191811680794], [0.03293614089488983, -0.9994559288024902, 0.0017512530321255326]], "head": [0.09780503809452057, 0.05855003744363785, 0.35642993450164795], "tail": [0.09734459966421127, 0.06583549827337265, 0.13522186875343323]}, "ManBip L Foot": {"basis": [[-0.07410435378551483, -0.12012743204832077, -0.9899886250495911], [0.9972100853919983, -3.103632479906082e-07, -0.07464488595724106], [0.008966595865786076, -0.9927585124969482, 0.1197923868894577]], "head": [0.099986732006073, 0.06368479132652283, 0.12165413051843643], "tail": [0.07592423260211945, 0.06368473172187805, -0.07720350474119186]}, "ManBip L Toe0": {"basis": [[-0.12012745440006256, 0.07410447299480438, -0.9899886250495911], [-4.3126405557813996e-07, -0.9972100853919983, -0.07464499026536942], [-0.9927585124969482, -0.008966471068561077, 0.1197924092411995]], "head": [0.11133193969726562, -0.08447273075580597, -0.004164946265518665], "tail": [0.11453844606876373, -0.12762203812599182, -0.00455292547121644]}, "ManBip L Toe0Nub": {"basis": [[0.120127372443676, -0.07410446554422379, -0.9899886250495911], [4.5096524559085083e-07, 0.997209906578064, -0.07464498281478882], [0.9927585124969482, 0.008966460824012756, 0.11979232728481293]], "head": [0.11453844606876373, -0.12762203812599182, -0.004552924074232578], "tail": [0.11293520033359528, -0.1060473844408989, -0.004358934238553047]}, "ManBip L Toe1": {"basis": [[-0.12012743204832077, 0.07410456985235214, -0.9899886250495911], [-3.1054062787916337e-07, -0.9972100853919983, -0.07464510202407837], [-0.9927585124969482, -0.008966621942818165, 0.1197923868894577]], "head": [0.06088704988360405, -0.08877675235271454, -0.0022412061225622892], "tail": [0.06395968049764633, -0.1301245242357254, -0.0026129931211471558]}, "ManBip L Toe1Nub": {"basis": [[0.12012738734483719, -0.07410456985235214, -0.9899886250495911], [3.069589524784533e-07, 0.9972100853919983, -0.07464510202407837], [0.9927585124969482, 0.008966621942818165, 0.11979234218597412]], "head": [0.06395967304706573, -0.1301245242357254, -0.0026129900943487883], "tail": [0.062423355877399445, -0.10945063829421997, -0.002427096478641033]}, "ManBip R Thigh": {"basis": [[0.010012112557888031, 0.0018089041113853455, -0.9999613761901855], [0.9999327063560486, 0.005873085930943489, 0.010021423920989037], [0.005890834145247936, -0.9999812245368958, -0.001748405396938324]], "head": [-0.10166501998901367, 0.04665839299559593, 0.9821006059646606], "tail": [-0.10090883076190948, 0.04911356419324875, 0.5640706419944763]}, "_IK_thighR": {"basis": [[0.010013253428041935, 0.0018093043472617865, -0.9999613761901855], [0.9999327063560486, 0.005873263347893953, 0.01002256665378809], [0.0058910176157951355, -0.9999812245368958, -0.0017487970180809498]], "head": [-0.0984029620885849, 0.04714411124587059, 0.786418616771698], "tail": [-0.09802477806806564, 0.048371732234954834, 0.5774036645889282]}, "ManBip R Calf": {"basis": [[0.009959624148905277, 0.002078954130411148, -0.9999613761901855], [0.9994080066680908, 0.03291701525449753, 0.010021521709859371], [0.03293606638908386, -0.999455988407135, -0.0017483076080679893]], "head": [-0.10090881586074829, 0.049113545566797256, 0.5640706419944763], "tail": [-0.09998854994773865, 0.06368449330329895, 0.12165432423353195]}, "_IK_calfR": {"basis": [[0.0099595682695508, 0.002079058438539505, -0.9999613761901855], [0.9994080066680908, 0.03291701525449753, 0.010021469555795193], [0.03293606638908386, -0.999455988407135, -0.0017484137788414955]], "head": [-0.09780650585889816, 0.05854973942041397, 0.3564302325248718], "tail": [-0.09734635055065155, 0.06583521515130997, 0.13522206246852875]}, "ManBip R Foot": {"basis": [[0.07410363852977753, 0.12012620270252228, -0.9900023937225342], [0.9972105026245117, 2.200249582529068e-08, 0.07464214414358139], [0.008966205641627312, -0.992759108543396, -0.11978800594806671]], "head": [-0.09998852759599686, 0.06368448585271835, 0.12165432423353195], "tail": [-0.07592625916004181, 0.06368448585271835, -0.07720350474119186]}, "ManBip R Toe0": {"basis": [[0.12012782692909241, -0.07410174608230591, -0.9900023341178894], [1.8857690520235337e-08, -0.9972106218338013, 0.07464025169610977], [-0.9927589297294617, -0.008966115303337574, -0.11978964507579803]], "head": [-0.11133342236280441, -0.08447308838367462, -0.0041647194884717464], "tail": [-0.11453980207443237, -0.12762241065502167, -0.0045526837930083275]}, "ManBip R Toe0Nub": {"basis": [[0.12012805044651031, -0.07410119473934174, -0.9900023341178894], [-9.799661881970678e-08, -0.9972106218338013, 0.074639692902565], [-0.9927589297294617, -0.008965947665274143, -0.11978987604379654]], "head": [-0.11453977972269058, -0.12762241065502167, -0.004552678670734167], "tail": [-0.11614296585321426, -0.1491970717906952, -0.004746657330542803]}, "ManBip R Toe1": {"basis": [[0.1201278567314148, -0.07410133630037308, -0.9900023937225342], [1.3567135681569198e-07, -0.9972106218338013, 0.07463984936475754], [-0.9927588701248169, -0.008966071531176567, -0.11978967487812042]], "head": [-0.06088849902153015, -0.08877699822187424, -0.0022412301041185856], "tail": [-0.06396099179983139, -0.1301247775554657, -0.0026129940524697304]}, "ManBip R Toe1Nub": {"basis": [[0.1201278492808342, -0.07410168647766113, -0.9900023937225342], [2.244852126409569e-08, -0.9972106218338013, 0.074640192091465], [-0.9927588701248169, -0.008965999819338322, -0.11978967487812042]], "head": [-0.06396102160215378, -0.1301247775554657, -0.0026129952166229486], "tail": [-0.0654972717165947, -0.15079866349697113, -0.002798875793814659]}, "ManBip Spine": {"basis": [[1.3550135236073402e-06, 0.0, 0.9999998807907104], [0.9999999403953552, 0.0, -1.3550134099205025e-06], [0.0, 0.9999997615814209, 1.1920926823449918e-07]], "head": [-2.754410104444105e-07, 0.04547988995909691, 1.070288896560669], "tail": [-2.754410104444105e-07, 0.04547988995909691, 1.1939715147018433]}, "_IK_Spine_1": {"basis": [[-1.4009435744810617e-07, -9.638306863735124e-08, 0.9999998807907104], [0.9999999403953552, -5.323576323691681e-14, 1.400945848217816e-07], [-1.3849774734182863e-13, 0.9999997615814209, 2.1559233687185042e-07]], "head": [0.049999650567770004, 0.04547988995909691, 1.070288896560669], "tail": [0.04999964311718941, 0.04547988995909691, 1.1321302652359009]}, "_IK_Spine_2": {"basis": [[-1.400944711349439e-07, -9.638321785132575e-08, 0.9999998807907104], [0.9999999403953552, 3.868236162158159e-14, 1.4009469850861933e-07], [-2.3041589252911776e-13, 0.9999997615814209, 2.1559247898039757e-07]], "head": [-0.05000034719705582, 0.04547988250851631, 1.0702887773513794], "tail": [-0.050000350922346115, 0.04547988250851631, 1.1321300268173218]}, "ManBip Spine1": {"basis": [[1.4004515378474025e-06, -1.0387996240979191e-07, 0.9999998807907104], [0.9970043897628784, 0.07734430581331253, -1.3882216762794997e-06], [-0.07734429836273193, 0.9970042705535889, 3.310949807655561e-07]], "head": [-2.7557484827411827e-07, 0.04557953029870987, 1.1939715147018433], "tail": [-2.886129379930935e-07, 0.05528709292411804, 1.3191065788269043]}, "_IK_Spine1_1": {"basis": [[1.2016640766887576e-06, -1.988592828183755e-07, 0.9999998807907104], [0.9970043897628784, 0.07734414935112, -1.182683604383783e-06], [-0.0773441419005394, 0.9970042705535889, 4.104145432393125e-07]], "head": [0.049999870359897614, 0.04557954892516136, 1.1939716339111328], "tail": [0.04999985918402672, 0.05043331906199455, 1.256539225578308]}, "_IK_Spine1_2": {"basis": [[1.2016640766887576e-06, -1.988592828183755e-07, 0.9999998807907104], [0.9970043897628784, 0.07734416425228119, -1.182683604383783e-06], [-0.07734415680170059, 0.9970042705535889, 4.104145432393125e-07]], "head": [-0.050000112503767014, 0.04557952284812927, 1.1939716339111328], "tail": [-0.05000012740492821, 0.05043329671025276, 1.256539225578308]}, "ManBip Spine2": {"basis": [[1.414034954905219e-06, -2.3040681185193534e-07, 0.9999998807907104], [0.9851753115653992, 0.1715504229068756, -1.3535457128455164e-06], [-0.17155039310455322, 0.9851751923561096, 5.887786187486199e-07]], "head": [-2.887773575821484e-07, 0.05540953204035759, 1.3190970420837402], "tail": [-3.3190147519235325e-07, 0.08751779049634933, 1.503487467765808]}, "_IK_Spine2_1": {"basis": [[7.40970904189453e-07, -2.3040681185193534e-07, 0.9999998807907104], [0.9851753115653992, 0.1715504229068756, -6.904595579726447e-07], [-0.17155039310455322, 0.9851751923561096, 4.7331420205409813e-07]], "head": [0.04999978467822075, 0.05540953949093819, 1.3190970420837402], "tail": [0.04999976232647896, 0.07146366685628891, 1.411292314529419]}, "_IK_Spine2_2": {"basis": [[7.409708473460341e-07, -3.577908671559271e-07, 0.9999998807907104], [0.9851753115653992, 0.1715504229068756, -6.686067308692145e-07], [-0.17155039310455322, 0.9851751923561096, 5.988098337184056e-07]], "head": [-0.050000280141830444, 0.05540952831506729, 1.3190970420837402], "tail": [-0.05000031739473343, 0.07146365940570831, 1.411292314529419]}, "ManBip L Clavicle": {"basis": [[1.3197375210438622e-06, 0.9865356087684631, 0.16354572772979736], [-0.9850384593009949, -0.028183314949274063, 0.17001450061798096], [0.17233462631702423, -0.1610989272594452, 0.971775472164154]], "head": [0.035859592258930206, 0.0843883603811264, 1.4599977731704712], "tail": [0.14940102398395538, 0.08114471286535263, 1.44145667552948]}, "_IK_ClavicleL": {"basis": [[1.440740220459702e-06, 0.9865354895591736, 0.1635465919971466], [-0.9850385785102844, -0.028183231130242348, 0.17001380026340485], [0.17233391106128693, -0.16109982132911682, 0.971775472164154]], "head": [0.08518650382757187, 0.08297925442457199, 1.451943278312683], "tail": [0.14195720851421356, 0.081357441842556, 1.442672610282898]}, "ManBip L UpperArm": {"basis": [[0.030825592577457428, 0.9995231628417969, 0.0017507076263427734], [-0.9980916380882263, 0.03087511658668518, -0.053477395325899124], [-0.05350594222545624, -9.885430335998535e-05, 0.9985674619674683]], "head": [0.14940102398395538, 0.08114473521709442, 1.44145667552948], "tail": [0.4251424968242645, 0.0896623432636261, 1.4414294958114624]}, "_IK_UpperArmL": {"basis": [[0.030825678259134293, 0.9995231628417969, 0.0017509933095425367], [-0.9980916380882263, 0.03087521716952324, -0.053477898240089417], [-0.05350645259022713, -9.911943197948858e-05, 0.9985674619674683]], "head": [0.26978087425231934, 0.087642602622509, 1.441321849822998], "tail": [0.4076516330242157, 0.09190141409635544, 1.4413082599639893]}, "ManBip L Forearm": {"basis": [[-0.04964456707239151, 0.9987652897834778, 0.0017507490701973438], [-0.9973424673080444, -0.04948009178042412, -0.05347723886370659], [-0.05332458019256592, -0.004400910343974829, 0.9985674619674683]], "head": [0.4251424968242645, 0.08966238051652908, 1.4414293766021729], "tail": [0.6991593241691589, 0.07608723640441895, 1.440221905708313]}, "_IK_ForeArmL": {"basis": [[-0.04964452609419823, 0.9987652897834778, 0.0017508274177089334], [-0.9973424077033997, -0.04948004335165024, -0.053477849811315536], [-0.05332518741488457, -0.004401016514748335, 0.9985674023628235]], "head": [0.5514481663703918, 0.0861104428768158, 1.4382046461105347], "tail": [0.688456654548645, 0.07932287454605103, 1.4376009702682495]}, "ManBip L Hand": {"basis": [[0.027301745489239693, 0.9935463666915894, 0.11009139567613602], [-0.05708277225494385, -0.10840317606925964, 0.9924668073654175], [0.9979959726333618, -0.03338036686182022, 0.0537547767162323]], "head": [0.6991592645645142, 0.07608723640441895, 1.4402220249176025], "tail": [0.7952520847320557, 0.06560280174016953, 1.4369934797286987]}, "_IK_handL": {"basis": [[-0.07626115530729294, 0.05762434005737305, -0.9954211711883545], [-0.0003627687692642212, -0.9983301162719727, -0.05776496231555939], [-0.9970877766609192, -0.004044093191623688, 0.0761546790599823]], "head": [0.7631363272666931, 0.07827248424291611, 1.4160228967666626], "tail": [0.7694106101989746, -0.030428124591708183, 1.415582537651062]}, "handL_nub": {"basis": [[-0.07622233033180237, 0.05762460082769394, -0.9954241514205933], [-0.000360875012120232, -0.9983301162719727, -0.057765211910009384], [-0.997090756893158, -0.00404375372454524, 0.07611580938100815]], "head": [0.7694106698036194, -0.03042811155319214, 1.415582537651062], "tail": [0.7725478410720825, -0.08477842062711716, 1.4153624773025513]}, "ManBip L Finger0": {"basis": [[-0.27496203780174255, 0.7735787034034729, 0.570939302444458], [-0.7430800199508667, -0.5478059649467468, 0.3843705952167511], [0.6101047992706299, -0.3185662031173706, 0.7254566550254822]], "head": [0.7108352184295654, 0.04954947158694267, 1.4314955472946167], "tail": [0.7511367201805115, 0.021010158583521843, 1.4148989915847778]}, "ManBip L Finger01": {"basis": [[-0.20850056409835815, 0.7940754890441895, 0.5709391832351685], [-0.786779522895813, -0.48294660449028015, 0.384370356798172], [0.5809521079063416, -0.36906176805496216, 0.7254568934440613]], "head": [0.7511367201805115, 0.0210101455450058, 1.4148989915847778], "tail": [0.7787153124809265, 0.004237218294292688, 1.4020813703536987]}, "ManBip L Finger02": {"basis": [[-0.20850110054016113, 0.7940757870674133, 0.5709385871887207], [-0.7867797613143921, -0.4829464554786682, 0.38436996936798096], [0.5809515714645386, -0.36906135082244873, 0.7254575490951538]], "head": [0.7787153124809265, 0.004237218294292688, 1.4020813703536987], "tail": [0.8097440004348755, -0.01463405229151249, 1.3876601457595825]}, "ManBip L Finger0Nub": {"basis": [[-0.2084999531507492, 0.7940760850906372, 0.5709385871887207], [-0.7867799997329712, -0.48294559121131897, 0.38437047600746155], [0.5809516310691833, -0.3690618574619293, 0.7254572510719299]], "head": [0.8097440004348755, -0.014634042978286743, 1.3876601457595825], "tail": [0.8252583742141724, -0.024069681763648987, 1.3804495334625244]}, "ManBip L Finger1": {"basis": [[0.011775011196732521, 0.9736804366111755, 0.2276134192943573], [-0.052663594484329224, -0.22670942544937134, 0.9725375771522522], [0.9985427856445312, -0.023438556119799614, 0.04860798642039299]], "head": [0.7868134379386902, 0.03586827218532562, 1.432916522026062], "tail": [0.8258036971092224, 0.02678987942636013, 1.4319778680801392]}, "ManBip L Finger11": {"basis": [[0.011775942519307137, 0.9736804366111755, 0.2276134490966797], [-0.052662815898656845, -0.22670942544937134, 0.972537636756897], [0.998542845249176, -0.023439286276698112, 0.04860701784491539]], "head": [0.8258036971092224, 0.02678987942636013, 1.4319778680801392], "tail": [0.8518468141555786, 0.020726066082715988, 1.4313509464263916]}, "ManBip L Finger12": {"basis": [[0.01177586242556572, 0.9736804366111755, 0.22761353850364685], [-0.05266306549310684, -0.2267095148563385, 0.9725375771522522], [0.998542845249176, -0.02343926951289177, 0.048607274889945984]], "head": [0.8518468141555786, 0.020726075395941734, 1.4313509464263916], "tail": [0.8769729733467102, 0.014875761233270168, 1.430746078491211]}, "ManBip L Finger1Nub": {"basis": [[0.011775823310017586, 0.9736804366111755, 0.22761353850364685], [-0.05266321077942848, -0.2267095148563385, 0.9725375771522522], [0.998542845249176, -0.02343926392495632, 0.04860742390155792]], "head": [0.8769729733467102, 0.014875762164592743, 1.430746078491211], "tail": [0.8895360231399536, 0.011950604617595673, 1.4304436445236206]}, "ManBip L Finger2": {"basis": [[0.027390044182538986, 0.989626944065094, 0.14102569222450256], [-0.056291837245225906, -0.1393277645111084, 0.988645076751709], [0.9980385303497314, -0.03501759469509125, 0.051891714334487915]], "head": [0.7896522283554077, 0.05693471059203148, 1.4377222061157227], "tail": [0.8289588093757629, 0.0514008067548275, 1.4363313913345337]}, "ManBip L Finger21": {"basis": [[0.027389250695705414, 0.989626944065094, 0.14102578163146973], [-0.056292664259672165, -0.13932786881923676, 0.9886450171470642], [0.9980384707450867, -0.03501693159341812, 0.05189264193177223]], "head": [0.8289588093757629, 0.051400817930698395, 1.4363313913345337], "tail": [0.8608582615852356, 0.04690975323319435, 1.4352025985717773]}, "ManBip L Finger22": {"basis": [[0.027389321476221085, 0.9896268844604492, 0.14102564752101898], [-0.05629240348935127, -0.13932771980762482, 0.988645076751709], [0.9980384707450867, -0.03501695394515991, 0.05189237743616104]], "head": [0.8608582615852356, 0.046909742057323456, 1.435202717781067], "tail": [0.8908724784851074, 0.042684100568294525, 1.434140682220459]}, "ManBip L Finger2Nub": {"basis": [[0.02739088051021099, 0.9896267652511597, 0.14102590084075928], [-0.0562911331653595, -0.13932792842388153, 0.9886451363563538], [0.9980384707450867, -0.03501833230257034, 0.051890891045331955]], "head": [0.8908724784851074, 0.042684104293584824, 1.434140682220459], "tail": [0.9058796167373657, 0.04057128354907036, 1.4336097240447998]}, "ManBip L Finger3": {"basis": [[0.027388693764805794, 0.9965001344680786, 0.07897673547267914], [-0.05629298463463783, -0.07734344154596329, 0.9954140782356262], [0.9980384707450867, -0.031708892434835434, 0.05397762358188629]], "head": [0.7913190722465515, 0.0761522576212883, 1.4376734495162964], "tail": [0.8308241963386536, 0.07308606058359146, 1.4364163875579834]}, "ManBip L Finger31": {"basis": [[0.02738966792821884, 0.9965001344680786, 0.07897672802209854], [-0.05629223957657814, -0.0773434042930603, 0.995414137840271], [0.9980385303497314, -0.03170980140566826, 0.05397680401802063]], "head": [0.8308241963386536, 0.07308606803417206, 1.4364163875579834], "tail": [0.8614087104797363, 0.07071224600076675, 1.4354431629180908]}, "ManBip L Finger32": {"basis": [[0.027390582486987114, 0.9965001344680786, 0.07897680997848511], [-0.05629139766097069, -0.07734347134828568, 0.9954141974449158], [0.9980385899543762, -0.03171065077185631, 0.05397589132189751]], "head": [0.8614087104797363, 0.07071223109960556, 1.4354431629180908], "tail": [0.8903433084487915, 0.06846647709608078, 1.4345223903656006]}, "ManBip L Finger3Nub": {"basis": [[0.02738717943429947, 0.9965001940727234, 0.07897665351629257], [-0.05629447102546692, -0.0773434042930603, 0.9954140186309814], [0.9980385303497314, -0.03170749172568321, 0.05397922545671463]], "head": [0.890343189239502, 0.06846647709608078, 1.4345225095748901], "tail": [0.9048104286193848, 0.06734360754489899, 1.4340622425079346]}, "ManBip L Finger4": {"basis": [[0.0273890420794487, 0.9980574250221252, -0.05595693737268448], [-0.0562928169965744, 0.05742907524108887, 0.9967613220214844], [0.9980384707450867, -0.024150334298610687, 0.05775637552142143]], "head": [0.7931755781173706, 0.092364601790905, 1.4334203004837036], "tail": [0.825600266456604, 0.09423034638166428, 1.4326356649398804]}, "ManBip L Finger41": {"basis": [[0.02738943323493004, 0.9980574250221252, -0.05595695972442627], [-0.05629240721464157, 0.05742910876870155, 0.9967613220214844], [0.9980384707450867, -0.024150747805833817, 0.05775598809123039]], "head": [0.8256001472473145, 0.09423034638166428, 1.4326356649398804], "tail": [0.8494635820388794, 0.09560347348451614, 1.4320582151412964]}, "ManBip L Finger42": {"basis": [[0.0273894015699625, 0.9980574250221252, -0.05595715716481209], [-0.05629250407218933, 0.05742930620908737, 0.9967613220214844], [0.9980384707450867, -0.024150699377059937, 0.05775608494877815]], "head": [0.8494635820388794, 0.09560345113277435, 1.4320582151412964], "tail": [0.8729974031448364, 0.09695760905742645, 1.4314888715744019]}, "ManBip L Finger4Nub": {"basis": [[0.027391383424401283, 0.9980573654174805, -0.055956900119781494], [-0.056290335953235626, 0.05742911249399185, 0.9967614412307739], [0.9980385303497314, -0.024152813479304314, 0.0577540248632431]], "head": [0.8729974031448364, 0.09695760905742645, 1.4314888715744019], "tail": [0.8847643136978149, 0.0976346880197525, 1.431204080581665]}, "ManBip Neck": {"basis": [[1.3663728850588086e-06, 1.7712403632685891e-07, 0.9999998807907104], [0.9912658929824829, -0.13187825679779053, -1.3310798294696724e-06], [0.13187825679779053, 0.9912657737731934, -2.3656269831917598e-07]], "head": [-3.236674217532709e-07, 0.0952870175242424, 1.5019646883010864], "tail": [-3.065203770802327e-07, 0.08252011984586716, 1.5979273319244385]}, "ManBip Head": {"basis": [[1.3968689245302812e-06, 2.0096447883588553e-07, 0.9999998807907104], [0.9887426495552063, -0.14962588250637054, -1.3510741609934485e-06], [0.14962588250637054, 0.9887425899505615, -2.8850070066255284e-07]], "head": [-3.0652032023681386e-07, 0.08252013474702835, 1.5979273319244385], "tail": [-2.647098540364823e-07, 0.05139060690999031, 1.8036342859268188]}, "_IK_hohoL": {"basis": [[4.928917292090773e-07, -1.4282815641308844e-07, 0.9999998807907104], [0.9887425899505615, -0.149626225233078, -5.087135264147946e-07], [0.149626225233078, 0.9887425303459167, 1.8667998347154935e-07]], "head": [0.054999884217977524, -0.0024798810482025146, 1.597995400428772], "tail": [0.05499986931681633, -0.018044663593173027, 1.7008488178253174]}, "_IK_hohoR": {"basis": [[4.924056611343985e-07, -1.428275737680451e-07, 0.9999998807907104], [0.9887426495552063, -0.14962604641914368, -5.082329153083265e-07], [0.14962604641914368, 0.9887425899505615, 1.8675217461350258e-07]], "head": [-0.05500010773539543, -0.0024798752274364233, 1.5979952812194824], "tail": [-0.055000122636556625, -0.01804465427994728, 1.7008488178253174]}, "ManBip HeadNub": {"basis": [[1.3977427215650096e-06, 2.0096467778785154e-07, 0.9999998807907104], [0.9887426495552063, -0.1496260166168213, -1.351938067273295e-06], [0.1496260166168213, 0.9887425899505615, -2.8863183842986473e-07]], "head": [-2.6470996772332e-07, 0.051390618085861206, 1.8036342859268188], "tail": [-2.438047204122995e-07, 0.035825856029987335, 1.9064877033233643]}, "ManBip R Clavicle": {"basis": [[1.4519122260026052e-06, -0.986535370349884, 0.16354604065418243], [-0.9850383996963501, -0.028186075389385223, -0.1700141429901123], [0.1723347306251526, -0.16109897196292877, -0.971775472164154]], "head": [-0.035860251635313034, 0.08438825607299805, 1.4599977731704712], "tail": [-0.14940159022808075, 0.0811442956328392, 1.44145667552948]}, "_IK_ClavicleR": {"basis": [[1.5434839042427484e-06, -0.986535370349884, 0.1635458767414093], [-0.985044538974762, -0.028180427849292755, -0.16997970640659332], [0.1722998321056366, -0.16109979152679443, -0.9717815518379211]], "head": [-0.08518707007169724, 0.08297926187515259, 1.4519429206848145], "tail": [-0.14195777475833893, 0.08135760575532913, 1.4426723718643188]}, "ManBip R UpperArm": {"basis": [[-0.031066395342350006, -0.9995155334472656, 0.0017501413822174072], [-0.9980844259262085, 0.031115565448999405, 0.05347129702568054], [-0.05349985510110855, -8.550286293029785e-05, -0.9985678195953369]], "head": [-0.14940159022808075, 0.081144317984581, 1.44145667552948], "tail": [-0.425140917301178, 0.08972825855016708, 1.4414331912994385]}, "_IK_UpperArmR": {"basis": [[-0.03106640838086605, -0.9995155334472656, 0.0017503104172647], [-0.9980844259262085, 0.031115587800741196, 0.05347082391381264], [-0.05349938943982124, -8.568559860577807e-05, -0.9985678195953369]], "head": [-0.2697800099849701, 0.08767125755548477, 1.4413236379623413], "tail": [-0.4076497256755829, 0.09196323156356812, 1.4413117170333862]}, "ManBip R Forearm": {"basis": [[0.04940393194556236, -0.9987770318984985, 0.0017499927198514342], [-0.9973545670509338, -0.049239855259656906, 0.05347134917974472], [-0.05331980437040329, -0.004386933054775, -0.9985678195953369]], "head": [-0.42514094710350037, 0.08972826600074768, 1.4414331912994385], "tail": [-0.6991610527038574, 0.07621903717517853, 1.4402296543121338]}, "_IK_ForeArmR": {"basis": [[0.04940395802259445, -0.9987770318984985, 0.0017504355637356639], [-0.9973546266555786, -0.0492398627102375, 0.05347025766968727], [-0.05331869050860405, -0.004387322347611189, -0.9985678791999817]], "head": [-0.5514476895332336, 0.08620679378509521, 1.4382102489471436], "tail": [-0.6884577870368958, 0.07945217937231064, 1.4376083612442017]}, "ManBip R Hand": {"basis": [[-0.027301669120788574, -0.9935728311538696, 0.10985185950994492], [-0.05707048252224922, -0.10816433280706406, -0.9924935102462769], [0.9979966878890991, -0.03336592763662338, -0.05375063046813011]], "head": [-0.6991609930992126, 0.07621905952692032, 1.4402296543121338], "tail": [-0.7952563166618347, 0.06575773656368256, 1.4370025396347046]}, "_IK_handR": {"basis": [[-0.07624796032905579, -0.057866111397743225, 0.9954082369804382], [0.00038925185799598694, -0.9983161687850952, -0.058005400002002716], [0.9970886707305908, -0.004035323858261108, 0.07614200562238693]], "head": [-0.7631379961967468, 0.07842087000608444, 1.4160312414169312], "tail": [-0.769438624382019, -0.030278164893388748, 1.415591835975647]}, "handR_nub": {"basis": [[-0.0762450322508812, -0.05786636471748352, 0.9954084753990173], [0.00038943742401897907, -0.9983161687850952, -0.05800562724471092], [0.9970889091491699, -0.004034986719489098, 0.07613909244537354]], "head": [-0.769438624382019, -0.030278164893388748, 1.415592074394226], "tail": [-0.7725889086723328, -0.0846276730298996, 1.415372371673584]}, "ManBip R Finger0": {"basis": [[0.2747913897037506, -0.773715078830719, 0.57083660364151], [-0.7431429624557495, -0.5476213097572327, -0.3845120072364807], [0.610105037689209, -0.31855255365371704, -0.7254627346992493]], "head": [-0.7108435034751892, 0.049684032797813416, 1.431503415107727], "tail": [-0.7511521577835083, 0.021154293790459633, 1.4149075746536255]}, "ManBip R Finger01": {"basis": [[0.20831908285617828, -0.7941964864730835, 0.5708369612693787], [-0.7868261933326721, -0.4827578067779541, -0.38451191782951355], [0.5809540152549744, -0.36904826760292053, -0.7254624962806702]], "head": [-0.7511520981788635, 0.021154213696718216, 1.414907693862915], "tail": [-0.7787348628044128, 0.004387848079204559, 1.4020904302597046]}, "ManBip R Finger02": {"basis": [[0.2083197981119156, -0.7941968441009521, 0.5708361268043518], [-0.7868266701698303, -0.4827575385570526, -0.3845113217830658], [0.5809531211853027, -0.36904770135879517, -0.7254634499549866]], "head": [-0.7787348031997681, 0.004387824330478907, 1.4020904302597046], "tail": [-0.8097681999206543, -0.014476059935986996, 1.3876699209213257]}, "ManBip R Finger0Nub": {"basis": [[-0.20831970870494843, 0.7941968441009521, 0.5708361864089966], [0.7868266105651855, 0.4827575385570526, -0.38451144099235535], [-0.5809532403945923, 0.36904770135879517, -0.7254633903503418]], "head": [-0.8097681999206543, -0.014476033858954906, 1.3876699209213257], "tail": [-0.7942514419555664, -0.005044071469455957, 1.3948801755905151]}, "ManBip R Finger1": {"basis": [[-0.011774757876992226, -0.9737351536750793, 0.2273789346218109], [-0.052654411643743515, -0.22647544741630554, -0.9725924730300903], [0.9985433220863342, -0.02342444844543934, -0.048604775220155716]], "head": [-0.7868248820304871, 0.0360211543738842, 1.4329255819320679], "tail": [-0.8258172273635864, 0.026952136307954788, 1.4319876432418823]}, "ManBip R Finger11": {"basis": [[-0.01177444402128458, -0.9737350940704346, 0.22737886011600494], [-0.052654627710580826, -0.22647537291049957, -0.9725924730300903], [0.9985433220863342, -0.023424185812473297, -0.0486050583422184]], "head": [-0.8258172273635864, 0.026952141895890236, 1.4319876432418823], "tail": [-0.8518617749214172, 0.02089458703994751, 1.4313610792160034]}, "ManBip R Finger12": {"basis": [[-0.011774834245443344, -0.9737350344657898, 0.2273789793252945], [-0.05265437439084053, -0.22647549211978912, -0.9725924730300903], [0.9985433220863342, -0.023424513638019562, -0.04860471934080124]], "head": [-0.8518617749214172, 0.020894600078463554, 1.4313610792160034], "tail": [-0.876989483833313, 0.015050296671688557, 1.4307565689086914]}, "ManBip R Finger1Nub": {"basis": [[0.011775325983762741, 0.9737350344657898, 0.2273789495229721], [0.0526522733271122, 0.22647549211978912, -0.9725925922393799], [-0.9985434412956238, 0.023424513638019562, -0.04860256239771843]], "head": [-0.876989483833313, 0.015050292015075684, 1.4307565689086914], "tail": [-0.8644256591796875, 0.017972437664866447, 1.4310587644577026]}, "ManBip R Finger2": {"basis": [[-0.027388274669647217, -0.9896609783172607, 0.14078713953495026], [-0.056281037628650665, -0.1390899419784546, -0.988679051399231], [0.9980391263961792, -0.035001762211322784, -0.051889728754758835]], "head": [-0.7896586060523987, 0.05708829313516617, 1.437731146812439], "tail": [-0.8289664387702942, 0.051563847810029984, 1.4363409280776978]}, "ManBip R Finger21": {"basis": [[-0.027388855814933777, -0.9896609783172607, 0.14078713953495026], [-0.05628056079149246, -0.1390899270772934, -0.988679051399231], [0.9980391263961792, -0.035002268850803375, -0.051889173686504364]], "head": [-0.8289665579795837, 0.05156384035944939, 1.4363406896591187], "tail": [-0.8608670234680176, 0.047080446034669876, 1.43521249294281]}, "ManBip R Finger22": {"basis": [[-0.027389029040932655, -0.9896609783172607, 0.14078719913959503], [-0.056280504912137985, -0.13908997178077698, -0.988679051399231], [0.9980391263961792, -0.035002436488866806, -0.0518890917301178]], "head": [-0.8608670234680176, 0.04708043858408928, 1.43521249294281], "tail": [-0.8908821940422058, 0.04286200925707817, 1.4341509342193604]}, "ManBip R Finger2Nub": {"basis": [[0.027388984337449074, 0.9896609783172607, 0.14078721404075623], [0.056280821561813354, 0.13908997178077698, -0.988679051399231], [-0.9980391263961792, 0.035002436488866806, -0.051889412105083466]], "head": [-0.8908823132514954, 0.04286200553178787, 1.4341509342193604], "tail": [-0.8758746981620789, 0.044971220195293427, 1.43468177318573]}, "ManBip R Finger3": {"basis": [[-0.02738848701119423, -0.9965190887451172, 0.07873658090829849], [-0.05628063157200813, -0.07710396498441696, -0.9954333305358887], [0.998039186000824, -0.031694650650024414, -0.05397297441959381]], "head": [-0.7913207411766052, 0.07630624622106552, 1.4376822710037231], "tail": [-0.8308265805244446, 0.07324954122304916, 1.436425805091858]}, "ManBip R Finger31": {"basis": [[-0.027389120310544968, -0.9965190887451172, 0.07873648405075073], [-0.05628001317381859, -0.0771038606762886, -0.9954333901405334], [0.9980392456054688, -0.031695228070020676, -0.053972311317920685]], "head": [-0.8308265805244446, 0.07324954122304916, 1.436425805091858], "tail": [-0.8614115715026855, 0.07088308781385422, 1.4354530572891235]}, "ManBip R Finger32": {"basis": [[-0.027389228343963623, -0.9965190887451172, 0.07873661071062088], [-0.05628002807497978, -0.07710397988557816, -0.9954333901405334], [0.9980392456054688, -0.03169534355401993, -0.05397231504321098]], "head": [-0.8614115715026855, 0.07088308036327362, 1.435452938079834], "tail": [-0.8903468251228333, 0.06864426285028458, 1.434532642364502]}, "ManBip R Finger3Nub": {"basis": [[0.027389144524931908, 0.9965190887451172, 0.07873664051294327], [0.05628108233213425, 0.07710397988557816, -0.9954333305358887], [-0.998039186000824, 0.03169534355401993, -0.05397336930036545]], "head": [-0.8903468251228333, 0.06864427030086517, 1.434532642364502], "tail": [-0.8758792281150818, 0.0697636753320694, 1.434992790222168]}, "ManBip R Finger4": {"basis": [[-0.027389150112867355, -0.9980438351631165, -0.05619766563177109], [-0.0562802255153656, 0.057669177651405334, -0.9967480897903442], [0.998039186000824, -0.024137165397405624, -0.05774964019656181]], "head": [-0.7931734919548035, 0.09251899272203445, 1.4334291219711304], "tail": [-0.8255977630615234, 0.09439253062009811, 1.4326449632644653]}, "ManBip R Finger41": {"basis": [[-0.027387835085392, -0.9980438947677612, -0.056197747588157654], [-0.05628126114606857, 0.05766920745372772, -0.9967480301856995], [0.998039186000824, -0.024135790765285492, -0.057750601321458817]], "head": [-0.8255977630615234, 0.09439253062009811, 1.4326449632644653], "tail": [-0.8494608998298645, 0.09577139467000961, 1.43206787109375]}, "ManBip R Finger42": {"basis": [[-0.02738937735557556, -0.9980438351631165, -0.05619744583964348], [-0.05627960339188576, 0.057668957859277725, -0.996748149394989], [0.9980392456054688, -0.02413744106888771, -0.057749029248952866]], "head": [-0.849461019039154, 0.09577139467000961, 1.43206787109375], "tail": [-0.8729944229125977, 0.09713120013475418, 1.4314987659454346]}, "ManBip R Finger4Nub": {"basis": [[0.027389299124479294, 0.9980438351631165, -0.05619748309254646], [0.05627822130918503, -0.057668957859277725, -0.9967482089996338], [-0.9980393052101135, 0.02413744106888771, -0.057747647166252136]], "head": [-0.8729944229125977, 0.09713120758533478, 1.4314987659454346], "tail": [-0.8612276911735535, 0.0964513048529625, 1.4317833185195923]}}, "combined": {"p_cm_body_00": {"basis": [[1.0, 0.0, 0.0], [-0.0, -0.0, -1.0], [0.0, 0.9999999403953552, 0.0]], "head": [0.0, -0.0, 0.0], "tail": [0.0, -0.0, 0.5717499256134033]}, "cf_j_root": {"basis": [[1.0, 0.0, 0.0], [-0.0, -0.0, -1.0], [0.0, 0.9999999403953552, 0.0]], "head": [0.0, -0.0, -5.9604641222676946e-08], "tail": [0.0, -0.0, 0.04324781522154808]}, "cf_n_height": {"basis": [[1.0, 0.0, 0.0], [-0.0, -0.0, -1.0], [0.0, 0.9999999403953552, 0.0]], "head": [0.0, -0.0, -7.078050856534901e-08], "tail": [0.0, -0.0, 0.5717499256134033]}, "cf_j_hips": {"basis": [[1.0, 0.0, 0.0], [-0.0, -4.76837158203125e-07, -1.0], [0.0, 1.0, -4.76837158203125e-07]], "head": [0.0, 3.459155095697497e-08, 1.1434998512268066], "tail": [0.0, 2.982318392241723e-08, 1.1534998416900635]}, "cf_j_spine01": {"basis": [[0.9999998807907104, 0.0, 0.0], [-0.0, -1.4210854715202004e-14, -0.9999996423721313], [0.0, 0.9999998211860657, -1.4210854715202004e-14]], "head": [0.0, 3.255452440953377e-08, 1.148499846458435], "tail": [0.0, 3.255452440953377e-08, 1.2033326625823975]}, "cf_j_spine02": {"basis": [[0.9999998807907104, 0.0, 0.0], [-0.0, -1.1920928955078125e-07, -0.9999997615814209], [0.0, 0.9999999403953552, -1.1920926112907182e-07]], "head": [0.0, 0.006593882571905851, 1.2384998798370361], "tail": [0.0, 0.0065938751213252544, 1.301039457321167]}, "cf_j_spine03": {"basis": [[0.9999998807907104, 0.0, 0.0], [-0.0, 2.3841855067985307e-07, -0.9999995827674866], [0.0, 0.9999999403953552, 2.3841846541472478e-07]], "head": [0.0, 0.01676226034760475, 1.3284997940063477], "tail": [0.0, 0.016762278974056244, 1.4089157581329346]}, "cf_d_bust00": {"basis": [[0.9999998807907104, 0.0, 0.0], [-0.0, 2.3841855067985307e-07, -0.9999995827674866], [0.0, 0.9999999403953552, 2.3841846541472478e-07]], "head": [0.0, 0.016762258484959602, 1.3203998804092407], "tai